FORPRINT: Mon Aug 26 19:21:50 2013
    -0.995000      1.00023
    -0.990000      1.00041
    -0.985000     0.999897
    -0.980000     0.999068
    -0.975000     0.997913
    -0.970000     0.996981
    -0.965000     0.996486
    -0.960000     0.995608
    -0.955000     0.995377
    -0.950000     0.995139
    -0.945000     0.994856
    -0.940000     0.994636
    -0.935000     0.994655
    -0.930000     0.994828
    -0.925000     0.995544
    -0.920000     0.996813
    -0.915000     0.997591
    -0.910000     0.998090
    -0.905000     0.998641
    -0.900000     0.998697
    -0.895000     0.998705
    -0.890000     0.999181
    -0.885000     0.999282
    -0.880000     0.999290
    -0.875000     0.999403
    -0.870000     0.999569
    -0.865000     0.999441
    -0.860000     0.999663
    -0.855000     0.999706
    -0.850000     0.999707
    -0.845000     0.999759
    -0.840000     0.999757
    -0.835000     0.999872
    -0.830000     0.999773
    -0.825000     0.999776
    -0.820000     0.999746
    -0.815000     0.999875
    -0.810000     0.999861
    -0.805000     0.999772
    -0.800000     0.999734
    -0.795000     0.999708
    -0.790000     0.999747
    -0.785000     0.999837
    -0.780000     0.999607
    -0.775000     0.999735
    -0.770000     0.999767
    -0.765000     0.999864
    -0.760000     0.999904
    -0.755000     0.999813
    -0.750000     0.999851
    -0.745000     0.999970
    -0.740000     0.999867
    -0.735000     0.999887
    -0.730000      1.00001
    -0.725000     0.999988
    -0.720000     0.999898
    -0.715000      1.00007
    -0.710000      1.00008
    -0.705000      1.00001
    -0.700000      1.00010
    -0.695000      1.00011
    -0.690000      1.00001
    -0.685000     0.999927
    -0.680000      1.00001
    -0.675000      1.00002
    -0.670000      1.00003
    -0.665000     0.999974
    -0.660000      1.00000
    -0.655000      1.00003
    -0.650000      1.00011
    -0.645000      1.00017
    -0.640000      1.00006
    -0.635000     0.999929
    -0.630000     0.999873
    -0.625000      1.00006
    -0.620000      1.00012
    -0.615000     0.999901
    -0.610000     0.999911
    -0.605000      1.00004
    -0.600000      1.00008
    -0.595000     0.999888
    -0.590000      1.00007
    -0.585000      1.00019
    -0.580000     0.999904
    -0.575000      1.00008
    -0.570000      1.00020
    -0.565000      1.00006
    -0.560000     0.999982
    -0.555000      1.00004
    -0.550000      1.00001
    -0.545000     0.999879
    -0.540000      1.00010
    -0.535000     0.999967
    -0.530000     0.999922
    -0.525000     0.999984
    -0.520000     0.999951
    -0.515000     0.999910
    -0.510000     0.999883
    -0.505000     0.999947
    -0.500000      1.00006
    -0.495000      1.00010
    -0.490000      1.00011
    -0.485000     0.999936
    -0.480000     0.999956
    -0.475000     0.999965
    -0.470000      1.00008
    -0.465000     0.999963
    -0.460000     0.999775
    -0.455000     0.999773
    -0.450000      1.00001
    -0.445000     0.999807
    -0.440000      1.00001
    -0.435000     0.999959
    -0.430000     0.999920
    -0.425000     0.999959
    -0.420000      1.00001
    -0.415000     0.999899
    -0.410000     0.999986
    -0.405000      1.00000
    -0.400000     0.999958
    -0.395000      1.00002
    -0.390000     0.999979
    -0.385000     0.999981
    -0.380000     0.999920
    -0.375000     0.999888
    -0.370000      1.00004
    -0.365000      1.00003
    -0.360000     0.999994
    -0.355000      1.00010
    -0.350000      1.00002
    -0.345000     0.999889
    -0.340000     0.999909
    -0.335000      1.00007
    -0.330000     0.999840
    -0.325000      1.00003
    -0.320000      1.00001
    -0.315000     0.999972
    -0.310000     0.999928
    -0.305000      1.00002
    -0.300000     0.999994
    -0.295000      1.00009
    -0.290000      1.00007
    -0.285000      1.00001
    -0.280000      1.00012
    -0.275000      1.00003
    -0.270000      1.00001
    -0.265000      1.00014
    -0.260000     0.999946
    -0.255000      1.00014
    -0.250000      1.00017
    -0.245000     0.999899
    -0.240000      1.00008
    -0.235000      1.00003
    -0.230000     0.999945
    -0.225000      1.00004
    -0.220000     0.999959
    -0.215000      1.00012
    -0.210000     0.999980
    -0.205000     0.999988
    -0.200000      1.00006
    -0.195000     0.999970
    -0.190000      1.00002
    -0.185000     0.999976
    -0.180000      1.00004
    -0.175000      1.00013
    -0.170000      1.00001
    -0.165000     0.999950
    -0.160000     0.999940
    -0.155000      1.00015
    -0.150000      1.00004
    -0.145000      1.00014
    -0.140000     0.999963
    -0.135000     0.999963
    -0.130000      1.00006
    -0.125000     0.999987
    -0.120000      1.00000
    -0.115000      1.00017
    -0.110000     0.999983
    -0.105000     0.999974
    -0.100000      1.00017
   -0.0950000      1.00018
   -0.0900000      1.00020
   -0.0850000      1.00018
   -0.0800000     0.999952
   -0.0750000      1.00013
   -0.0700000      1.00018
   -0.0650000      1.00015
   -0.0600000      1.00014
   -0.0550000      1.00009
   -0.0500000      1.00010
   -0.0450000      1.00007
   -0.0400000      1.00008
   -0.0350000      1.00019
   -0.0300000      1.00031
   -0.0250000      1.00039
   -0.0200000      1.00024
   -0.0150000      1.00029
  -0.00999999      1.00029
  -0.00500000      1.00024
      0.00000      1.00029
   0.00500000      1.00023
   0.00999999      1.00041
    0.0150000     0.999897
    0.0200000     0.999068
    0.0250000     0.997913
    0.0300000     0.996981
    0.0350000     0.996486
    0.0400000     0.995608
    0.0450000     0.995377
    0.0500000     0.995139
    0.0549999     0.994856
    0.0599999     0.994636
    0.0650001     0.994655
    0.0700001     0.994828
    0.0750000     0.995544
    0.0800000     0.996813
    0.0850000     0.997591
    0.0900000     0.998090
    0.0950000     0.998641
     0.100000     0.998697
     0.105000     0.998705
     0.110000     0.999181
     0.115000     0.999282
     0.120000     0.999290
     0.125000     0.999403
     0.130000     0.999569
     0.135000     0.999441
     0.140000     0.999663
     0.145000     0.999706
     0.150000     0.999707
     0.155000     0.999759
     0.160000     0.999757
     0.165000     0.999872
     0.170000     0.999773
     0.175000     0.999776
     0.180000     0.999746
     0.185000     0.999875
     0.190000     0.999861
     0.195000     0.999772
     0.200000     0.999734
     0.205000     0.999708
     0.210000     0.999747
     0.215000     0.999837
     0.220000     0.999607
     0.225000     0.999735
     0.230000     0.999767
     0.235000     0.999864
     0.240000     0.999904
     0.245000     0.999813
     0.250000     0.999851
     0.255000     0.999970
     0.260000     0.999867
     0.265000     0.999887
     0.270000      1.00001
     0.275000     0.999988
     0.280000     0.999898
     0.285000      1.00007
     0.290000      1.00008
     0.295000      1.00001
     0.300000      1.00010
     0.305000      1.00011
     0.310000      1.00001
     0.315000     0.999927
     0.320000      1.00001
     0.325000      1.00002
     0.330000      1.00003
     0.335000     0.999974
     0.340000      1.00000
     0.345000      1.00003
     0.350000      1.00011
     0.355000      1.00017
     0.360000      1.00006
     0.365000     0.999929
     0.370000     0.999873
     0.375000      1.00006
     0.380000      1.00012
     0.385000     0.999901
     0.390000     0.999911
     0.395000      1.00004
     0.400000      1.00008
     0.405000     0.999888
     0.410000      1.00007
     0.415000      1.00019
     0.420000     0.999904
     0.425000      1.00008
     0.430000      1.00020
     0.435000      1.00006
     0.440000     0.999982
     0.445000      1.00004
     0.450000      1.00001
     0.455000     0.999879
     0.460000      1.00010
     0.465000     0.999967
     0.470000     0.999922
     0.475000     0.999984
     0.480000     0.999951
     0.485000     0.999910
     0.490000     0.999883
     0.495000     0.999947
     0.500000      1.00006
     0.505000      1.00010
     0.510000      1.00011
     0.515000     0.999936
     0.520000     0.999956
     0.525000     0.999965
     0.530000      1.00008
     0.535000     0.999963
     0.540000     0.999775
     0.545000     0.999773
     0.550000      1.00001
     0.555000     0.999807
     0.560000      1.00001
     0.565000     0.999959
     0.570000     0.999920
     0.575000     0.999959
     0.580000      1.00001
     0.585000     0.999899
     0.590000     0.999986
     0.595000      1.00000
     0.600000     0.999958
     0.605000      1.00002
     0.610000     0.999979
     0.615000     0.999981
     0.620000     0.999920
     0.625000     0.999888
     0.630000      1.00004
     0.635000      1.00003
     0.640000     0.999994
     0.645000      1.00010
     0.650000      1.00002
     0.655000     0.999889
     0.660000     0.999909
     0.665000      1.00007
     0.670000     0.999840
     0.675000      1.00003
     0.680000      1.00001
     0.685000     0.999972
     0.690000     0.999928
     0.695000      1.00002
     0.700000     0.999994
     0.705000      1.00009
     0.710000      1.00007
     0.715000      1.00001
     0.720000      1.00012
     0.725000      1.00003
     0.730000      1.00001
     0.735000      1.00014
     0.740000     0.999946
     0.745000      1.00014
     0.750000      1.00017
     0.755000     0.999899
     0.760000      1.00008
     0.765000      1.00003
     0.770000     0.999945
     0.775000      1.00004
     0.780000     0.999959
     0.785000      1.00012
     0.790000     0.999980
     0.795000     0.999988
     0.800000      1.00006
     0.805000     0.999970
     0.810000      1.00002
     0.815000     0.999976
     0.820000      1.00004
     0.825000      1.00013
     0.830000      1.00001
     0.835000     0.999950
     0.840000     0.999940
     0.845000      1.00015
     0.850000      1.00004
     0.855000      1.00014
     0.860000     0.999963
     0.865000     0.999963
     0.870000      1.00006
     0.875000     0.999987
     0.880000      1.00000
     0.885000      1.00017
     0.890000     0.999983
     0.895000     0.999974
     0.900000      1.00017
     0.905000      1.00018
     0.910000      1.00020
     0.915000      1.00018
     0.920000     0.999952
     0.925000      1.00013
     0.930000      1.00018
     0.935000      1.00015
     0.940000      1.00014
     0.945000      1.00009
     0.950000      1.00010
     0.955000      1.00007
     0.960000      1.00008
     0.965000      1.00019
     0.970000      1.00031
     0.975000      1.00039
     0.980000      1.00024
     0.985000      1.00029
     0.990000      1.00029
     0.995000      1.00024
      1.00000      1.00029
