         1     0.00500000     1.00054675
         2     0.01000000     1.00072993
         3     0.01500000     1.00021566
         4     0.02000000     0.99938639
         5     0.02500000     0.99823141
         6     0.03000000     0.99729896
         7     0.03500000     0.99680329
         8     0.04000000     0.99592512
         9     0.04500000     0.99569488
        10     0.05000000     0.99545655
        11     0.05500000     0.99517354
        12     0.06000000     0.99495296
        13     0.06500000     0.99497257
        14     0.07000000     0.99514498
        15     0.07500000     0.99586141
        16     0.08000000     0.99713064
        17     0.08500000     0.99790912
        18     0.09000000     0.99840876
        19     0.09500000     0.99895960
        20     0.10000000     0.99901508
        21     0.10500000     0.99902324
        22     0.11000000     0.99949969
        23     0.11500000     0.99960045
        24     0.12000000     0.99960866
        25     0.12500000     0.99972167
        26     0.13000000     0.99988827
        27     0.13500000     0.99975948
        28     0.14000000     0.99998134
        29     0.14500000     1.00002464
        30     0.15000000     1.00002591
        31     0.15500000     1.00007807
        32     0.16000000     1.00007612
        33     0.16500000     1.00019123
        34     0.17000000     1.00009142
        35     0.17500000     1.00009486
        36     0.18000000     1.00006474
        37     0.18500000     1.00019387
        38     0.19000000     1.00018001
        39     0.19500000     1.00009126
        40     0.20000000     1.00005323
        41     0.20500000     1.00002634
        42     0.21000000     1.00006555
        43     0.21500000     1.00015610
        44     0.22000000     0.99992611
        45     0.22500000     1.00005382
        46     0.23000000     1.00008597
        47     0.23500000     1.00018251
        48     0.24000000     1.00022276
        49     0.24500000     1.00013206
        50     0.25000000     1.00016989
        51     0.25500000     1.00028890
        52     0.26000000     1.00018594
        53     0.26500000     1.00020592
        54     0.27000000     1.00033379
        55     0.27500000     1.00030684
        56     0.28000000     1.00021734
        57     0.28500000     1.00038633
        58     0.29000000     1.00040322
        59     0.29500000     1.00032475
        60     0.30000000     1.00042152
        61     0.30500000     1.00043095
        62     0.31000000     1.00033371
        63     0.31500000     1.00024562
        64     0.32000000     1.00032568
        65     0.32500000     1.00034309
        66     0.33000000     1.00035153
        67     0.33500000     1.00029237
        68     0.34000000     1.00031841
        69     0.34500000     1.00034882
        70     0.35000000     1.00042700
        71     0.35500000     1.00048699
        72     0.36000000     1.00038286
        73     0.36500000     1.00024764
        74     0.37000000     1.00019181
        75     0.37500000     1.00037558
        76     0.38000000     1.00044373
        77     0.38500000     1.00022024
        78     0.39000000     1.00022966
        79     0.39500000     1.00035722
        80     0.40000000     1.00039503
        81     0.40500000     1.00020726
        82     0.41000000     1.00039234
        83     0.41500000     1.00050612
        84     0.42000000     1.00022243
        85     0.42500000     1.00040137
        86     0.43000000     1.00051519
        87     0.43500000     1.00038179
        88     0.44000000     1.00030086
        89     0.44500000     1.00035568
        90     0.45000000     1.00033035
        91     0.45500000     1.00019819
        92     0.46000000     1.00041849
        93     0.46500000     1.00028639
        94     0.47000000     1.00024072
        95     0.47500000     1.00030269
        96     0.48000000     1.00026975
        97     0.48500000     1.00022887
        98     0.49000000     1.00020140
        99     0.49500000     1.00026621
       100     0.50000000     1.00037593
       101     0.50500000     1.00041657
       102     0.51000000     1.00042696
       103     0.51500000     1.00025452
       104     0.52000000     1.00027495
       105     0.52500000     1.00028364
       106     0.53000000     1.00039562
       107     0.53500000     1.00028150
       108     0.54000000     1.00009363
       109     0.54500000     1.00009187
       110     0.55000000     1.00032422
       111     0.55500000     1.00012611
       112     0.56000000     1.00032554
       113     0.56500000     1.00027794
       114     0.57000000     1.00023917
       115     0.57500000     1.00027789
       116     0.58000000     1.00032540
       117     0.58500000     1.00021808
       118     0.59000000     1.00030528
       119     0.59500000     1.00031879
       120     0.60000000     1.00027645
       121     0.60500000     1.00033987
       122     0.61000000     1.00029797
       123     0.61500000     1.00029957
       124     0.62000000     1.00023908
       125     0.62500000     1.00020668
       126     0.63000000     1.00035562
       127     0.63500000     1.00035064
       128     0.64000000     1.00031258
       129     0.64500000     1.00041620
       130     0.65000000     1.00033564
       131     0.65500000     1.00020737
       132     0.66000000     1.00022820
       133     0.66500000     1.00038416
       134     0.67000000     1.00015899
       135     0.67500000     1.00035170
       136     0.68000000     1.00032663
       137     0.68500000     1.00029051
       138     0.69000000     1.00024681
       139     0.69500000     1.00033835
       140     0.70000000     1.00031331
       141     0.70500000     1.00040678
       142     0.71000000     1.00039114
       143     0.71500000     1.00032712
       144     0.72000000     1.00043461
       145     0.72500000     1.00034874
       146     0.73000000     1.00033196
       147     0.73500000     1.00045961
       148     0.74000000     1.00026494
       149     0.74500000     1.00046025
       150     0.75000000     1.00049040
       151     0.75500000     1.00021815
       152     0.76000000     1.00039661
       153     0.76500000     1.00035168
       154     0.77000000     1.00026390
       155     0.77500000     1.00036160
       156     0.78000000     1.00027797
       157     0.78500000     1.00043626
       158     0.79000000     1.00029877
       159     0.79500000     1.00030669
       160     0.80000000     1.00037908
       161     0.80500000     1.00028936
       162     0.81000000     1.00033652
       163     0.81500000     1.00029534
       164     0.82000000     1.00036226
       165     0.82500000     1.00044817
       166     0.83000000     1.00032566
       167     0.83500000     1.00026863
       168     0.84000000     1.00025907
       169     0.84500000     1.00046808
       170     0.85000000     1.00035788
       171     0.85500000     1.00045718
       172     0.86000000     1.00028203
       173     0.86500000     1.00028212
       174     0.87000000     1.00038049
       175     0.87500000     1.00030590
       176     0.88000000     1.00032299
       177     0.88500000     1.00048768
       178     0.89000000     1.00030194
       179     0.89500000     1.00029317
       180     0.90000000     1.00048842
       181     0.90500000     1.00050083
       182     0.91000000     1.00051931
       183     0.91500000     1.00049703
       184     0.92000000     1.00027098
       185     0.92500000     1.00044666
       186     0.93000000     1.00049756
       187     0.93500000     1.00046569
       188     0.94000000     1.00045661
       189     0.94500000     1.00040773
       190     0.95000000     1.00041885
       191     0.95500000     1.00038945
       192     0.96000000     1.00039622
       193     0.96500000     1.00050425
       194     0.97000000     1.00063131
       195     0.97500000     1.00070831
       196     0.98000000     1.00055740
       197     0.98500000     1.00060866
       198     0.99000000     1.00060745
       199     0.99500000     1.00056154
       200     1.00000000     1.00060815
       201     1.00500000     1.00054675
       202     1.01000000     1.00072993
       203     1.01500000     1.00021566
       204     1.02000000     0.99938639
       205     1.02500000     0.99823141
       206     1.03000000     0.99729896
       207     1.03500000     0.99680329
       208     1.04000000     0.99592512
       209     1.04500000     0.99569488
       210     1.05000000     0.99545655
       211     1.05500000     0.99517354
       212     1.06000000     0.99495296
       213     1.06500000     0.99497257
       214     1.07000000     0.99514498
       215     1.07500000     0.99586141
       216     1.08000000     0.99713064
       217     1.08500000     0.99790912
       218     1.09000000     0.99840876
       219     1.09500000     0.99895960
       220     1.10000000     0.99901508
       221     1.10500000     0.99902324
       222     1.11000000     0.99949969
       223     1.11500000     0.99960045
       224     1.12000000     0.99960866
       225     1.12500000     0.99972167
       226     1.13000000     0.99988827
       227     1.13500000     0.99975948
       228     1.14000000     0.99998134
       229     1.14500000     1.00002464
       230     1.15000000     1.00002591
       231     1.15500000     1.00007807
       232     1.16000000     1.00007612
       233     1.16500000     1.00019123
       234     1.17000000     1.00009142
       235     1.17500000     1.00009486
       236     1.18000000     1.00006474
       237     1.18500000     1.00019387
       238     1.19000000     1.00018001
       239     1.19500000     1.00009126
       240     1.20000000     1.00005323
       241     1.20500000     1.00002634
       242     1.21000000     1.00006555
       243     1.21500000     1.00015610
       244     1.22000000     0.99992611
       245     1.22500000     1.00005382
       246     1.23000000     1.00008597
       247     1.23500000     1.00018251
       248     1.24000000     1.00022276
       249     1.24500000     1.00013206
       250     1.25000000     1.00016989
       251     1.25500000     1.00028890
       252     1.26000000     1.00018594
       253     1.26500000     1.00020592
       254     1.27000000     1.00033379
       255     1.27500000     1.00030684
       256     1.28000000     1.00021734
       257     1.28500000     1.00038633
       258     1.29000000     1.00040322
       259     1.29500000     1.00032475
       260     1.30000000     1.00042152
       261     1.30500000     1.00043095
       262     1.31000000     1.00033371
       263     1.31500000     1.00024562
       264     1.32000000     1.00032568
       265     1.32500000     1.00034309
       266     1.33000000     1.00035153
       267     1.33500000     1.00029237
       268     1.34000000     1.00031841
       269     1.34500000     1.00034882
       270     1.35000000     1.00042700
       271     1.35500000     1.00048699
       272     1.36000000     1.00038286
       273     1.36500000     1.00024764
       274     1.37000000     1.00019181
       275     1.37500000     1.00037558
       276     1.38000000     1.00044373
       277     1.38500000     1.00022024
       278     1.39000000     1.00022966
       279     1.39500000     1.00035722
       280     1.40000000     1.00039503
       281     1.40500000     1.00020726
       282     1.41000000     1.00039234
       283     1.41500000     1.00050612
       284     1.42000000     1.00022243
       285     1.42500000     1.00040137
       286     1.43000000     1.00051519
       287     1.43500000     1.00038179
       288     1.44000000     1.00030086
       289     1.44500000     1.00035568
       290     1.45000000     1.00033035
       291     1.45500000     1.00019819
       292     1.46000000     1.00041849
       293     1.46500000     1.00028639
       294     1.47000000     1.00024072
       295     1.47500000     1.00030269
       296     1.48000000     1.00026975
       297     1.48500000     1.00022887
       298     1.49000000     1.00020140
       299     1.49500000     1.00026621
       300     1.50000000     1.00037593
       301     1.50500000     1.00041657
       302     1.51000000     1.00042696
       303     1.51500000     1.00025452
       304     1.52000000     1.00027495
       305     1.52500000     1.00028364
       306     1.53000000     1.00039562
       307     1.53500000     1.00028150
       308     1.54000000     1.00009363
       309     1.54500000     1.00009187
       310     1.55000000     1.00032422
       311     1.55500000     1.00012611
       312     1.56000000     1.00032554
       313     1.56500000     1.00027794
       314     1.57000000     1.00023917
       315     1.57500000     1.00027789
       316     1.58000000     1.00032540
       317     1.58500000     1.00021808
       318     1.59000000     1.00030528
       319     1.59500000     1.00031879
       320     1.60000000     1.00027645
       321     1.60500000     1.00033987
       322     1.61000000     1.00029797
       323     1.61500000     1.00029957
       324     1.62000000     1.00023908
       325     1.62500000     1.00020668
       326     1.63000000     1.00035562
       327     1.63500000     1.00035064
       328     1.64000000     1.00031258
       329     1.64500000     1.00041620
       330     1.65000000     1.00033564
       331     1.65500000     1.00020737
       332     1.66000000     1.00022820
       333     1.66500000     1.00038416
       334     1.67000000     1.00015899
       335     1.67500000     1.00035170
       336     1.68000000     1.00032663
       337     1.68500000     1.00029051
       338     1.69000000     1.00024681
       339     1.69500000     1.00033835
       340     1.70000000     1.00031331
       341     1.70500000     1.00040678
       342     1.71000000     1.00039114
       343     1.71500000     1.00032712
       344     1.72000000     1.00043461
       345     1.72500000     1.00034874
       346     1.73000000     1.00033196
       347     1.73500000     1.00045961
       348     1.74000000     1.00026494
       349     1.74500000     1.00046025
       350     1.75000000     1.00049040
       351     1.75500000     1.00021815
       352     1.76000000     1.00039661
       353     1.76500000     1.00035168
       354     1.77000000     1.00026390
       355     1.77500000     1.00036160
       356     1.78000000     1.00027797
       357     1.78500000     1.00043626
       358     1.79000000     1.00029877
       359     1.79500000     1.00030669
       360     1.80000000     1.00037908
       361     1.80500000     1.00028936
       362     1.81000000     1.00033652
       363     1.81500000     1.00029534
       364     1.82000000     1.00036226
       365     1.82500000     1.00044817
       366     1.83000000     1.00032566
       367     1.83500000     1.00026863
       368     1.84000000     1.00025907
       369     1.84500000     1.00046808
       370     1.85000000     1.00035788
       371     1.85500000     1.00045718
       372     1.86000000     1.00028203
       373     1.86500000     1.00028212
       374     1.87000000     1.00038049
       375     1.87500000     1.00030590
       376     1.88000000     1.00032299
       377     1.88500000     1.00048768
       378     1.89000000     1.00030194
       379     1.89500000     1.00029317
       380     1.90000000     1.00048842
       381     1.90500000     1.00050083
       382     1.91000000     1.00051931
       383     1.91500000     1.00049703
       384     1.92000000     1.00027098
       385     1.92500000     1.00044666
       386     1.93000000     1.00049756
       387     1.93500000     1.00046569
       388     1.94000000     1.00045661
       389     1.94500000     1.00040773
       390     1.95000000     1.00041885
       391     1.95500000     1.00038945
       392     1.96000000     1.00039622
       393     1.96500000     1.00050425
       394     1.97000000     1.00063131
       395     1.97500000     1.00070831
       396     1.98000000     1.00055740
       397     1.98500000     1.00060866
       398     1.99000000     1.00060745
       399     1.99500000     1.00056154
       400     2.00000000     1.00060815
